10 x 10
  57551   50684   59898   54508   54982   49678   53397   56602   58441   50602 
  47619   42313   50427   47940   47766   42554   45809   48551   53077   44806 
  49124   43278   53079   48579   50740   44742   47886   49592   53416   45024 
  42158   37850   44123   42042   44018   38294   40483   44785   44059   38809 
  47643   40832   48916   46355   46497   41946   43984   47973   49861   41930 
  53657   46519   55836   50839   50465   47202   49590   54929   56489   47478 
  49787   44811   51400   46266   47474   41769   44996   47605   49128   41804 
  51681   45334   54372   49965   50700   45729   48627   52654   54603   45567 
  45286   39708   50166   43850   48159   42175   44606   45914   50211   40794 
  56417   49964   59775   53528   54613   48944   52526   54924   59090   50025 

