10 x 10
  43221   40164   45798   43628   45552   38578   41407   45552   47931   39262 
  44899   40613   50427   47940   47766   42554   45809   48551   53077   44806 
  43444   39728   53079   48579   50740   44742   47886   49592   53416   45024 
  36878   34550   44123   42042   44018   38294   40483   44785   44059   38809 
  41483   36982   48916   46355   46497   41946   43984   47973   49861   41930 
  47817   42869   55836   50839   50465   47202   49590   54929   56489   47478 
  45467   42111   51400   46266   47474   41769   44996   47605   49128   41804 
  46241   41934   54372   49965   50700   45729   48627   52654   54603   45567 
  38166   35258   50166   43850   48159   42175   44606   45914   50211   40794 
  49937   45914   59775   53528   54613   48944   52526   54924   59090   50025 
